0.13890222435589694   0.42918867018722995   0.2198751800288046   0.21107377180348855   0.14162265962554008
0.5828006972690296   0.06275421266705404   0.22428820453224868   0.16385822196397443   0.04067402672864614
0.4556129638327853   0.09722874589008924   0.21935180836073273   0.21418506341005167   0.06857679661813058
0.28744622604614783   0.0422369964802503   0.18263590144700823   0.2154868987094251   0.34180680484943293
0.051854179761156506   0.2917976115650534   0.1568196103079824   0.397705845380264   0.27325581395348836
0.5846153846153846   0.0334841628959276   0.18461538461538463   0.2334841628959276   0.08597285067873303
0.39187643020594964   0.05377574370709382   0.244279176201373   0.27860411899313503   0.09782608695652174
0.27550491973070945   0.3127912998446401   0.07560849300880373   0.14655618850336613   0.2216468151216986
0.043279634527530655   0.3842269776388555   0.2820389516710748   0.25198364991584515   0.09184900216398173
0.6617647058823529   0.03823529411764706   0.17352941176470588   0.12352941176470589   0.008823529411764706
0.2555092316855271   0.06789755807027993   0.19594997022036928   0.34008338296605123   0.18463371054198927
0.17964932451853982   0.2224777234837597   0.2796780684104628   0.24978442081057775   0.15492957746478872
0.4193121693121693   0.09303350970017636   0.25573192239858905   0.19620811287477954   0.10008818342151675
0.1433384379785605   0.11883614088820826   0.3427258805513017   0.27105666156202146   0.18928024502297092
0.07712532865907099   0.5289219982471516   0.24386503067484663   0.18120070113935144   0.11086765994741454
0.4991166077738516   0.10998233215547704   0.1881625441696113   0.2058303886925795   0.07287985865724382
0.7202797202797203   0.11188811188811189   0.1258741258741259   0.02097902097902098   0.03496503496503497
0.17925591882750846   0.2297632468996618   0.3052987598647125   0.18241262683201803   0.16617812852311162
0.25481798715203424   0.01728357295809116   0.09375955949831753   0.08993576017130621   0.6636586111960844
0.2595644496762802   0.07533843437316068   0.2163037080635668   0.3057680988816951   0.23396115361977635
0.07667844522968198   0.4833922261484099   0.2664310954063604   0.17385159010600706   0.03392226148409894
0.36739974126778785   0.07373868046571798   0.35963777490297544   0.22897800776196636   0.00646830530401035
0.38923766816143496   0.15874439461883408   0.273542600896861   0.12825112107623318   0.06098654708520179
0.055384615384615386   0.19384615384615383   0.4492307692307692   0.046153846153846156   0.25846153846153846
0.08734554750745632   0.1269706007669365   0.1048146570089476   0.052833404345973584   0.6506178099701747
0.2693156732891832   0.06622516556291391   0.36423841059602646   0.3200883002207506   0.09050772626931568
